#ifndef __NAKAGAMI_H_
#define __NAKAGAMI_H_

// m = 0.75
// values for 0.050 not that accurate
long double p_matrix_m075_05[12][12] = {
{0.255522,0.221524,0.188893,0.142511,0.086799,0.036529,0.008227,0.000661,0.000010,0.000000,0.000000,0.000000},
{0.118657,0.106421,0.094075,0.075370,0.050528,0.024558,0.006755,0.000702,0.000014,0.000000,0.000000,0.000000},
{0.154406,0.143565,0.131699,0.111939,0.082021,0.045137,0.014586,0.001849,0.000048,0.000000,0.000000,0.000000},
{0.176536,0.174303,0.169632,0.157713,0.131226,0.085451,0.034122,0.005611,0.000202,0.000001,0.000000,0.000000},
{0.160922,0.174881,0.186017,0.196394,0.193820,0.157175,0.082697,0.019154,0.001063,0.000005,0.000000,0.000000},
{0.099140,0.124420,0.149846,0.187199,0.230074,0.247472,0.186907,0.068219,0.006726,0.000066,0.000000,0.000000},
{0.031442,0.048165,0.068152,0.105209,0.170369,0.263054,0.318514,0.212236,0.044480,0.001192,0.000001,0.000000},
{0.003319,0.006567,0.011344,0.022714,0.051808,0.126056,0.278649,0.405368,0.225970,0.021718,0.000073,0.000000},
{0.000056,0.000154,0.000341,0.000949,0.003341,0.014436,0.067837,0.262488,0.503364,0.227802,0.007432,0.000116},
{0.000000,0.000000,0.000001,0.000002,0.000014,0.000132,0.001705,0.023656,0.213608,0.601030,0.228207,0.001229},
{0.000000,0.000000,0.000000,0.000000,0.000000,0.000000,0.000001,0.000052,0.004515,0.147844,0.680066,0.215775},
{0.000000,0.000000,0.000000,0.000000,0.000000,0.000000,0.000000,0.000004,0.000000,0.000342,0.084221,0.782880},
};

long double p_matrix_m075_02[12][12] = {
{0.604271,0.339170,0.173189,0.050253,0.005378,0.000103,0.000000,0.000000,0.000000,0.000000,0.000000,0.000000},
{0.181667,0.199719,0.156610,0.074363,0.013762,0.000494,0.000001,0.000000,0.000000,0.000000,0.000000,0.000000},
{0.141564,0.238999,0.256142,0.181610,0.055643,0.003786,0.000018,0.000000,0.000000,0.000000,0.000000,0.000000},
{0.062248,0.171972,0.275210,0.329703,0.197007,0.030969,0.000450,0.000000,0.000000,0.000000,0.000000,0.000000},
{0.009970,0.047630,0.126196,0.294841,0.419036,0.194641,0.011757,0.000014,0.000000,0.000000,0.000000,0.000000},
{0.000280,0.002503,0.012570,0.067844,0.284915,0.519566,0.174408,0.002694,0.000000,0.000000,0.000000,0.000000},
{0.000000,0.000007,0.000083,0.001386,0.024220,0.245463,0.621337,0.145923,0.000292,0.000000,0.000000,0.000000},
{0.000000,0.000000,0.000000,0.000000,0.000039,0.004978,0.191584,0.711832,0.120115,0.000009,0.000000,0.000000},
{0.000000,0.000000,0.000000,0.000000,0.000000,0.000000,0.000445,0.139527,0.783393,0.102592,0.000000,0.000000},
{0.000000,0.000000,0.000000,0.000000,0.000000,0.000000,0.000000,0.000010,0.096200,0.835870,0.094974,0.000000},
{0.000000,0.000000,0.000000,0.000000,0.000000,0.000000,0.000000,0.000000,0.000000,0.061529,0.870829,0.087608},
{0.000000,0.000000,0.000000,0.000000,0.000000,0.000000,0.000000,0.000000,0.000000,0.000000,0.034197,0.912392},
};

long double p_matrix_m075_005[12][12] = {
{0.898180,0.185125,0.003259,0.000000,0.000000,0.000000,0.000000,0.000000,0.000000,0.000000,0.000000,0.000000},
{0.099156,0.601612,0.139181,0.000373,0.000000,0.000000,0.000000,0.000000,0.000000,0.000000,0.000000,0.000000},
{0.002664,0.212401,0.694836,0.107361,0.000013,0.000000,0.000000,0.000000,0.000000,0.000000,0.000000,0.000000},
{0.000000,0.000862,0.162695,0.770378,0.081443,0.000000,0.000000,0.000000,0.000000,0.000000,0.000000,0.000000},
{0.000000,0.000000,0.000029,0.121888,0.827871,0.061944,0.000000,0.000000,0.000000,0.000000,0.000000,0.000000},
{0.000000,0.000000,0.000000,0.000000,0.090673,0.871055,0.047606,0.000000,0.000000,0.000000,0.000000,0.000000},
{0.000000,0.000000,0.000000,0.000000,0.000000,0.067001,0.903462,0.037270,0.000000,0.000000,0.000000,0.000000},
{0.000000,0.000000,0.000000,0.000000,0.000000,0.000000,0.048932,0.927742,0.030121,0.000000,0.000000,0.000000},
{0.000000,0.000000,0.000000,0.000000,0.000000,0.000000,0.000000,0.034988,0.945813,0.025666,0.000000,0.000000},
{0.000000,0.000000,0.000000,0.000000,0.000000,0.000000,0.000000,0.000000,0.024066,0.958938,0.023765,0.000000},
{0.000000,0.000000,0.000000,0.000000,0.000000,0.000000,0.000000,0.000000,0.000000,0.015396,0.967673,0.021928},
{0.000000,0.000000,0.000000,0.000000,0.000000,0.000000,0.000000,0.000000,0.000000,0.000000,0.008562,0.978072},
};

// m = 0.9
// values for 0.050 not that accurate
long double p_matrix_m09_05[12][12] = {
{0.320239,0.247429,0.189530,0.121354,0.057735,0.016890,0.002262,0.000087,0.000000,0.000000,0.000000,0.000000},
{0.144656,0.124184,0.104644,0.076973,0.044272,0.016502,0.002953,0.000160,0.000001,0.000000,0.000000,0.000000},
{0.173702,0.164035,0.149938,0.123354,0.082117,0.036762,0.008231,0.000587,0.000006,0.000000,0.000000,0.000000},
{0.172391,0.187004,0.191180,0.182321,0.146478,0.082883,0.024749,0.002515,0.000043,0.000000,0.000000,0.000000},
{0.124737,0.163554,0.193529,0.222735,0.227069,0.173328,0.075043,0.012041,0.000370,0.000001,0.000000,0.000000},
{0.053769,0.089789,0.127605,0.185630,0.255290,0.285307,0.199277,0.057604,0.003714,0.000018,0.000000,0.000007},
{0.010060,0.022439,0.039896,0.077398,0.154333,0.278256,0.356789,0.218826,0.035843,0.000603,0.000000,0.000015},
{0.000444,0.001553,0.003634,0.010045,0.031633,0.102744,0.279522,0.439878,0.228431,0.017474,0.000037,0.000000},
{0.000002,0.000013,0.000044,0.000190,0.001071,0.007298,0.050442,0.251665,0.529274,0.230730,0.006325,0.000312},
{0.000000,0.000000,0.000000,0.000000,0.000002,0.000030,0.000732,0.016617,0.199153,0.614430,0.235409,0.001030},
{0.000000,0.000000,0.000000,0.000000,0.000000,0.000000,0.000000,0.000020,0.003165,0.136472,0.680179,0.228655},
{0.000000,0.000000,0.000000,0.000000,0.000000,0.000000,0.000000,0.000000,0.000000,0.000272,0.078050,0.769981},
};

long double p_matrix_m09_02[12][12] = {
{0.678134,0.311399,0.119184,0.020216,0.000860,0.000003,0.000000,0.000000,0.000000,0.000000,0.000000,0.000000},
{0.182056,0.252856,0.176633,0.057592,0.005056,0.000049,0.000000,0.000000,0.000000,0.000000,0.000000,0.000000},
{0.109227,0.276883,0.317629,0.192366,0.036143,0.000931,0.000001,0.000000,0.000000,0.000000,0.000000,0.000000},
{0.028714,0.139918,0.298140,0.395409,0.194856,0.016924,0.000068,0.000000,0.000000,0.000000,0.000000,0.000000},
{0.001858,0.018679,0.085180,0.296299,0.483669,0.182025,0.005502,0.000001,0.000000,0.000000,0.000000,0.000000},
{0.000011,0.000265,0.003231,0.037904,0.268097,0.576322,0.158844,0.001093,0.000000,0.000000,0.000000,0.000000},
{0.000000,0.000000,0.000003,0.000214,0.011316,0.221797,0.664328,0.133957,0.000103,0.000000,0.000000,0.000000},
{0.000000,0.000000,0.000000,0.000000,0.000003,0.001949,0.171112,0.739470,0.113892,0.000003,0.000000,0.000000},
{0.000000,0.000000,0.000000,0.000000,0.000000,0.000000,0.000145,0.125476,0.798493,0.101388,0.000000,0.000000},
{0.000000,0.000000,0.000000,0.000000,0.000000,0.000000,0.000000,0.000003,0.087512,0.842108,0.097462,0.000000},
{0.000000,0.000000,0.000000,0.000000,0.000000,0.000000,0.000000,0.000000,0.000000,0.056501,0.870823,0.092902},
{0.000000,0.000000,0.000000,0.000000,0.000000,0.000000,0.000000,0.000000,0.000000,0.000000,0.031715,0.907098},
};

long double p_matrix_m09_005[12][12] = {
{0.917934,0.139725,0.000412,0.000000,0.000000,0.000000,0.000000,0.000000,0.000000,0.000000,0.000000,0.000000},
{0.081688,0.690293,0.108402,0.000023,0.000000,0.000000,0.000000,0.000000,0.000000,0.000000,0.000000,0.000000},
{0.000378,0.169926,0.760059,0.084605,0.000000,0.000000,0.000000,0.000000,0.000000,0.000000,0.000000,0.000000},
{0.000000,0.000056,0.131126,0.814855,0.066103,0.000000,0.000000,0.000000,0.000000,0.000000,0.000000,0.000000},
{0.000000,0.000000,0.000001,0.100517,0.857251,0.052039,0.000000,0.000000,0.000000,0.000000,0.000000,0.000000},
{0.000000,0.000000,0.000000,0.000000,0.076646,0.890008,0.041504,0.000000,0.000000,0.000000,0.000000,0.000000},
{0.000000,0.000000,0.000000,0.000000,0.000000,0.057953,0.915300,0.033817,0.000000,0.000000,0.000000,0.000000},
{0.000000,0.000000,0.000000,0.000000,0.000000,0.000000,0.043196,0.934766,0.028516,0.000000,0.000000,0.000000},
{0.000000,0.000000,0.000000,0.000000,0.000000,0.000000,0.000000,0.031417,0.949590,0.025365,0.000000,0.000000},
{0.000000,0.000000,0.000000,0.000000,0.000000,0.000000,0.000000,0.000000,0.021894,0.960495,0.024391,0.000000},
{0.000000,0.000000,0.000000,0.000000,0.000000,0.000000,0.000000,0.000000,0.000000,0.014140,0.967665,0.023270},
{0.000000,0.000000,0.000000,0.000000,0.000000,0.000000,0.000000,0.000000,0.000000,0.000000,0.007944,0.976730},
};

// m = 1, fdts = 0.050 for _05, 0.005 for _005, etc.
long double p_matrix_m1_05[12][12] = {
{0.387703,0.270189,0.192598,0.112291,0.047569,0.012192,0.001435,0.000051,0.000000,0.000000,0.000000,0.000000},
{0.154116,0.132518,0.110323,0.078582,0.042531,0.014503,0.002354,0.000120,0.000001,0.000000,0.000000,0.000000},
{0.170004,0.170724,0.158642,0.129806,0.083357,0.034994,0.007296,0.000505,0.000006,0.000000,0.000000,0.000000},
{0.151260,0.185576,0.198091,0.192627,0.153031,0.083336,0.023810,0.002412,0.000048,0.000000,0.000000,0.000000},
{0.095650,0.149927,0.189885,0.228435,0.236318,0.178183,0.075639,0.012367,0.000441,0.000001,0.000000,0.000000},
{0.035340,0.073699,0.114911,0.179321,0.256853,0.290157,0.202118,0.060096,0.004476,0.000035,0.000000,0.000000},
{0.005672,0.016317,0.032685,0.069893,0.148742,0.275722,0.354219,0.221177,0.040551,0.000998,0.000001,0.000000},
{0.000253,0.001041,0.002827,0.008855,0.030412,0.102526,0.276603,0.427350,0.232818,0.022740,0.000112,0.000000},
{0.000002,0.000009,0.000038,0.000190,0.001184,0.008330,0.055325,0.253992,0.505964,0.238240,0.010311,0.000004},
{0.000000,0.000000,0.000000,0.000000,0.000003,0.000057,0.001200,0.021862,0.209944,0.582991,0.243567,0.002988},
{0.000000,0.000000,0.000000,0.000000,0.000000,0.000000,0.000001,0.000068,0.005750,0.154140,0.647714,0.217468},
{0.000000,0.000000,0.000000,0.000000,0.000000,0.000000,0.000000,0.000000,0.000001,0.000855,0.098295,0.779540},
};

long double p_matrix_m1_02[12][12] = {
{0.726834,0.299559,0.096558,0.012177,0.000329,0.000000,0.000000,0.000000,0.000000,0.000000,0.000000,0.000000},
{0.170869,0.284324,0.185891,0.049720,0.003105,0.000018,0.000000,0.000000,0.000000,0.000000,0.000000,0.000000},
{0.085230,0.287664,0.347701,0.196061,0.030205,0.000561,0.000000,0.000000,0.000000,0.000000,0.000000,0.000000},
{0.016403,0.117415,0.299199,0.420791,0.194465,0.014330,0.000046,0.000000,0.000000,0.000000,0.000000,0.000000},
{0.000662,0.010946,0.068807,0.290283,0.501041,0.181030,0.005032,0.000000,0.000000,0.000000,0.000000,0.000000},
{0.000002,0.000092,0.001843,0.030834,0.260956,0.583534,0.160169,0.001190,0.000000,0.000000,0.000000,0.000000},
{0.000000,0.000000,0.000001,0.000134,0.009896,0.218497,0.661699,0.138204,0.000159,0.000000,0.000000,0.000000},
{0.000000,0.000000,0.000000,0.000000,0.000003,0.002030,0.172837,0.729694,0.119990,0.000009,0.000000,0.000000},
{0.000000,0.000000,0.000000,0.000000,0.000000,0.000000,0.000217,0.130903,0.784811,0.107849,0.000000,0.000000},
{0.000000,0.000000,0.000000,0.000000,0.000000,0.000000,0.000000,0.000009,0.095040,0.827141,0.102712,0.000000},
{0.000000,0.000000,0.000000,0.000000,0.000000,0.000000,0.000000,0.000000,0.000000,0.065001,0.857062,0.089016},
{0.000000,0.000000,0.000000,0.000000,0.000000,0.000000,0.000000,0.000000,0.000000,0.000000,0.040226,0.910984},
};

long double p_matrix_m1_01[12][12] = {
{0.861787,0.220968,0.013731,0.000039,0.000000,0.000000,0.000000,0.000000,0.000000,0.000000,0.000000,0.000000},
{0.126041,0.500479,0.173234,0.004435,0.000001,0.000000,0.000000,0.000000,0.000000,0.000000,0.000000,0.000000},
{0.012120,0.268077,0.582725,0.149460,0.000978,0.000000,0.000000,0.000000,0.000000,0.000000,0.000000,0.000000},
{0.000052,0.010473,0.228083,0.660673,0.124029,0.000117,0.000000,0.000000,0.000000,0.000000,0.000000,0.000000},
{0.000000,0.000003,0.002227,0.185141,0.728709,0.101472,0.000006,0.000000,0.000000,0.000000,0.000000,0.000000},
{0.000000,0.000000,0.000000,0.000252,0.146272,0.784581,0.083443,0.000000,0.000000,0.000000,0.000000,0.000000},
{0.000000,0.000000,0.000000,0.000000,0.000011,0.113830,0.829225,0.069828,0.000000,0.000000,0.000000,0.000000},
{0.000000,0.000000,0.000000,0.000000,0.000000,0.000000,0.087326,0.864598,0.060108,0.000000,0.000000,0.000000},
{0.000000,0.000000,0.000000,0.000000,0.000000,0.000000,0.000000,0.065574,0.892342,0.053959,0.000000,0.000000},
{0.000000,0.000000,0.000000,0.000000,0.000000,0.000000,0.000000,0.000000,0.047550,0.913515,0.051397,0.000000},
{0.000000,0.000000,0.000000,0.000000,0.000000,0.000000,0.000000,0.000000,0.000000,0.032526,0.928464,0.044563},
{0.000000,0.000000,0.000000,0.000000,0.000000,0.000000,0.000000,0.000000,0.000000,0.000000,0.020139,0.955437},
};

long double p_matrix_m1_005[12][12] = {
{0.930695,0.121337,0.000106,0.000000,0.000000,0.000000,0.000000,0.000000,0.000000,0.000000,0.000000,0.000000},
{0.069211,0.728615,0.096955,0.000005,0.000000,0.000000,0.000000,0.000000,0.000000,0.000000,0.000000,0.000000},
{0.000094,0.150037,0.784248,0.077776,0.000000,0.000000,0.000000,0.000000,0.000000,0.000000,0.000000,0.000000},
{0.000000,0.000011,0.118691,0.828730,0.062630,0.000000,0.000000,0.000000,0.000000,0.000000,0.000000,0.000000},
{0.000000,0.000000,0.000000,0.093489,0.864115,0.050818,0.000000,0.000000,0.000000,0.000000,0.000000,0.000000},
{0.000000,0.000000,0.000000,0.000000,0.073255,0.892249,0.041734,0.000000,0.000000,0.000000,0.000000,0.000000},
{0.000000,0.000000,0.000000,0.000000,0.000000,0.056933,0.914597,0.034919,0.000000,0.000000,0.000000,0.000000},
{0.000000,0.000000,0.000000,0.000000,0.000000,0.000000,0.043669,0.932291,0.030057,0.000000,0.000000,0.000000},
{0.000000,0.000000,0.000000,0.000000,0.000000,0.000000,0.000000,0.032790,0.946166,0.026982,0.000000,0.000000},
{0.000000,0.000000,0.000000,0.000000,0.000000,0.000000,0.000000,0.000000,0.023777,0.956752,0.025703,0.000000},
{0.000000,0.000000,0.000000,0.000000,0.000000,0.000000,0.000000,0.000000,0.000000,0.016266,0.964226,0.022286},
{0.000000,0.000000,0.000000,0.000000,0.000000,0.000000,0.000000,0.000000,0.000000,0.000000,0.010071,0.977714},
};

//
long double p_matrix_m1_2[12][12] = {
{0.051871,0.050986,0.050161,0.048882,0.046926,0.043995,0.039743,0.033878,0.026399,0.017935,0.009919,0.003573},
{0.029083,0.028608,0.028165,0.027479,0.026426,0.024845,0.022543,0.019349,0.015237,0.010519,0.005958,0.002227},
{0.044277,0.043586,0.042940,0.041938,0.040400,0.038083,0.034698,0.029973,0.023837,0.016699,0.009665,0.003732},
{0.065846,0.064892,0.063999,0.062610,0.060474,0.057245,0.052495,0.045800,0.036978,0.026492,0.015832,0.006410},
{0.094356,0.093156,0.092029,0.090272,0.087556,0.083421,0.077271,0.068458,0.056551,0.041885,0.026223,0.011351},
{0.127520,0.126252,0.125056,0.123179,0.120252,0.115733,0.108867,0.098714,0.084364,0.065562,0.043807,0.020760},
{0.157145,0.156269,0.155431,0.154092,0.151950,0.148513,0.142995,0.134187,0.120437,0.100083,0.072993,0.038942},
{0.167526,0.167738,0.167911,0.168132,0.168355,0.168409,0.167814,0.165430,0.158924,0.144468,0.118016,0.073249},
{0.142414,0.144109,0.145679,0.148090,0.151722,0.157017,0.164316,0.173379,0.182336,0.186060,0.175303,0.131760},
{0.085260,0.087670,0.089939,0.093495,0.099027,0.107530,0.120329,0.138888,0.163961,0.193280,0.217247,0.208128},
{0.029843,0.031425,0.032941,0.035360,0.039235,0.045470,0.055537,0.071801,0.097763,0.137483,0.191797,0.250530},
{0.004859,0.005309,0.005749,0.006471,0.007677,0.009739,0.013392,0.020143,0.033213,0.059534,0.113240,0.249338},
};

long double p_matrix_m1_1[12][12] = {
{0.148703,0.134149,0.121734,0.104416,0.081965,0.056003,0.030839,0.012188,0.002915,0.000329,0.000012,0.000000},
{0.076519,0.070094,0.064509,0.056548,0.045882,0.032935,0.019478,0.008500,0.002318,0.000309,0.000014,0.000000},
{0.107454,0.099828,0.093056,0.083176,0.069478,0.052017,0.032626,0.015401,0.004642,0.000700,0.000037,0.000000},
{0.140652,0.133540,0.126931,0.116809,0.101803,0.080905,0.054993,0.028792,0.009864,0.001736,0.000109,0.000001},
{0.164811,0.161742,0.158269,0.151964,0.140625,0.121224,0.091586,0.054734,0.022030,0.004706,0.000375,0.000005},
{0.162327,0.167359,0.170809,0.174089,0.174746,0.167553,0.144810,0.102148,0.050276,0.013684,0.001465,0.000030},
{0.121940,0.135020,0.146149,0.161426,0.180101,0.197546,0.201851,0.174959,0.110712,0.040826,0.006322,0.000206},
{0.060270,0.073694,0.086279,0.105694,0.134604,0.174266,0.218803,0.244745,0.211866,0.114292,0.028061,0.001633},
{0.015724,0.021926,0.028370,0.039505,0.059105,0.093574,0.151048,0.231135,0.294922,0.255468,0.111175,0.013205},
{0.001564,0.002575,0.003769,0.006128,0.011126,0.022443,0.049085,0.109877,0.225126,0.348931,0.306757,0.087013},
{0.000036,0.000073,0.000125,0.000244,0.000561,0.001520,0.004810,0.017072,0.062000,0.194129,0.398917,0.324681},
{0.000000,0.000000,0.000000,0.000001,0.000004,0.000014,0.000071,0.000449,0.003329,0.024890,0.146756,0.573226},
};


long double p_matrix_m1_002[12][12] = {
{0.972256,0.048639,0.000000,0.000000,0.000000,0.000000,0.000000,0.000000,0.000000,0.000000,0.000000,0.000000},
{0.027744,0.891246,0.038846,0.000000,0.000000,0.000000,0.000000,0.000000,0.000000,0.000000,0.000000,0.000000},
{0.000000,0.060115,0.913660,0.031122,0.000000,0.000000,0.000000,0.000000,0.000000,0.000000,0.000000,0.000000},
{0.000000,0.000000,0.047494,0.931476,0.025056,0.000000,0.000000,0.000000,0.000000,0.000000,0.000000,0.000000},
{0.000000,0.000000,0.000000,0.037402,0.945638,0.020330,0.000000,0.000000,0.000000,0.000000,0.000000,0.000000},
{0.000000,0.000000,0.000000,0.000000,0.029306,0.956896,0.016695,0.000000,0.000000,0.000000,0.000000,0.000000},
{0.000000,0.000000,0.000000,0.000000,0.000000,0.022774,0.965836,0.013968,0.000000,0.000000,0.000000,0.000000},
{0.000000,0.000000,0.000000,0.000000,0.000000,0.000000,0.017469,0.972915,0.012023,0.000000,0.000000,0.000000},
{0.000000,0.000000,0.000000,0.000000,0.000000,0.000000,0.000000,0.013117,0.978465,0.010794,0.000000,0.000000},
{0.000000,0.000000,0.000000,0.000000,0.000000,0.000000,0.000000,0.000000,0.009512,0.982699,0.010282,0.000000},
{0.000000,0.000000,0.000000,0.000000,0.000000,0.000000,0.000000,0.000000,0.000000,0.006507,0.985688,0.008915},
{0.000000,0.000000,0.000000,0.000000,0.000000,0.000000,0.000000,0.000000,0.000000,0.000000,0.004030,0.991085},
};

// m = 1.5, fdts = 0.050 for _05, 0.005 for _005, etc.
long double p_matrix_m15_05[12][12] = {
{0.424971,0.238465,0.136622,0.057267,0.014830,0.001855,0.000079,0.000001,0.000000,0.000000,0.000000,0.000000},
{0.187576,0.164945,0.124936,0.071921,0.026484,0.004873,0.000316,0.000004,0.000000,0.000000,0.000000,0.000000},
{0.186904,0.217286,0.200430,0.146492,0.071833,0.018572,0.001803,0.000040,0.000000,0.000000,0.000000,0.000000},
{0.132857,0.212119,0.248423,0.242652,0.168713,0.066103,0.010503,0.000422,0.000002,0.000000,0.000000,0.000000},
{0.056184,0.127562,0.198935,0.275521,0.292317,0.189839,0.054839,0.004517,0.000053,0.000000,0.000000,0.000000},
{0.010849,0.036232,0.079403,0.166650,0.293066,0.349625,0.207732,0.040262,0.001371,0.000003,0.000000,0.000000},
{0.000652,0.003334,0.010946,0.037593,0.120194,0.294925,0.413886,0.220795,0.025838,0.000263,0.000000,0.000000},
{0.000007,0.000057,0.000304,0.001895,0.012411,0.071659,0.276794,0.482919,0.229358,0.014332,0.000026,0.000000},
{0.000000,0.000000,0.000001,0.000009,0.000152,0.002545,0.033775,0.239149,0.552391,0.236685,0.006697,0.000001},
{0.000000,0.000000,0.000000,0.000000,0.000000,0.000004,0.000273,0.011879,0.188141,0.615408,0.248619,0.002182},
{0.000000,0.000000,0.000000,0.000000,0.000000,0.000000,0.000000,0.000012,0.002846,0.132910,0.662759,0.239287},
{0.000000,0.000000,0.000000,0.000000,0.000000,0.000000,0.000000,0.000000,0.000000,0.000399,0.081899,0.758530},
};

long double p_matrix_m15_02[12][12] = {
{0.749670,0.241729,0.041337,0.001560,0.000005,0.000000,0.000000,0.000000,0.000000,0.000000,0.000000,0.000000},
{0.190143,0.375129,0.182913,0.021593,0.000277,0.000000,0.000000,0.000000,0.000000,0.000000,0.000000,0.000000},
{0.056550,0.318119,0.442368,0.179121,0.010656,0.000027,0.000000,0.000000,0.000000,0.000000,0.000000,0.000000},
{0.003618,0.063686,0.303756,0.514148,0.167238,0.004150,0.000001,0.000000,0.000000,0.000000,0.000000,0.000000},
{0.000019,0.001336,0.029510,0.273112,0.586848,0.150514,0.001195,0.000000,0.000000,0.000000,0.000000,0.000000},
{0.000000,0.000001,0.000116,0.010462,0.232358,0.655985,0.133068,0.000227,0.000000,0.000000,0.000000,0.000000},
{0.000000,0.000000,0.000000,0.000004,0.002618,0.188921,0.717548,0.118183,0.000024,0.000000,0.000000,0.000000},
{0.000000,0.000000,0.000000,0.000000,0.000000,0.000403,0.148157,0.769316,0.107676,0.000001,0.000000,0.000000},
{0.000000,0.000000,0.000000,0.000000,0.000000,0.000000,0.000031,0.112273,0.810899,0.102404,0.000000,0.000000},
{0.000000,0.000000,0.000000,0.000000,0.000000,0.000000,0.000000,0.000001,0.081401,0.842457,0.103140,0.000000},
{0.000000,0.000000,0.000000,0.000000,0.000000,0.000000,0.000000,0.000000,0.000000,0.055138,0.863424,0.097691},
{0.000000,0.000000,0.000000,0.000000,0.000000,0.000000,0.000000,0.000000,0.000000,0.000000,0.033436,0.902309},
};

long double p_matrix_m15_01[12][12] = {
{0.873404,0.157206,0.002148,0.000000,0.000000,0.000000,0.000000,0.000000,0.000000,0.000000,0.000000,0.000000},
{0.123658,0.615013,0.130148,0.000485,0.000000,0.000000,0.000000,0.000000,0.000000,0.000000,0.000000,0.000000},
{0.002938,0.226352,0.680944,0.110024,0.000065,0.000000,0.000000,0.000000,0.000000,0.000000,0.000000,0.000000},
{0.000000,0.001429,0.186580,0.738408,0.092509,0.000004,0.000000,0.000000,0.000000,0.000000,0.000000,0.000000},
{0.000000,0.000000,0.000180,0.151073,0.786508,0.078327,0.000000,0.000000,0.000000,0.000000,0.000000,0.000000},
{0.000000,0.000000,0.000000,0.000010,0.120918,0.826058,0.067344,0.000000,0.000000,0.000000,0.000000,0.000000},
{0.000000,0.000000,0.000000,0.000000,0.000000,0.095611,0.858371,0.059257,0.000000,0.000000,0.000000,0.000000},
{0.000000,0.000000,0.000000,0.000000,0.000000,0.000000,0.074285,0.884564,0.053879,0.000000,0.000000,0.000000},
{0.000000,0.000000,0.000000,0.000000,0.000000,0.000000,0.000000,0.056179,0.905394,0.051235,0.000000,0.000000},
{0.000000,0.000000,0.000000,0.000000,0.000000,0.000000,0.000000,0.000000,0.040727,0.921169,0.051620,0.000000},
{0.000000,0.000000,0.000000,0.000000,0.000000,0.000000,0.000000,0.000000,0.000000,0.027596,0.931635,0.048925},
{0.000000,0.000000,0.000000,0.000000,0.000000,0.000000,0.000000,0.000000,0.000000,0.000000,0.016745,0.951075},
};

long double p_matrix_m15_005[12][12] = {
{0.936524,0.080696,0.000001,0.000000,0.000000,0.000000,0.000000,0.000000,0.000000,0.000000,0.000000,0.000000},
{0.063475,0.803337,0.066679,0.000000,0.000000,0.000000,0.000000,0.000000,0.000000,0.000000,0.000000,0.000000},
{0.000001,0.115967,0.839421,0.055371,0.000000,0.000000,0.000000,0.000000,0.000000,0.000000,0.000000,0.000000},
{0.000000,0.000000,0.093899,0.868980,0.046323,0.000000,0.000000,0.000000,0.000000,0.000000,0.000000,0.000000},
{0.000000,0.000000,0.000000,0.075649,0.893188,0.039183,0.000000,0.000000,0.000000,0.000000,0.000000,0.000000},
{0.000000,0.000000,0.000000,0.000000,0.060489,0.912999,0.033681,0.000000,0.000000,0.000000,0.000000,0.000000},
{0.000000,0.000000,0.000000,0.000000,0.000000,0.047818,0.929170,0.029633,0.000000,0.000000,0.000000,0.000000},
{0.000000,0.000000,0.000000,0.000000,0.000000,0.000000,0.037149,0.942274,0.026943,0.000000,0.000000,0.000000},
{0.000000,0.000000,0.000000,0.000000,0.000000,0.000000,0.000000,0.028093,0.952690,0.025622,0.000000,0.000000},
{0.000000,0.000000,0.000000,0.000000,0.000000,0.000000,0.000000,0.000000,0.020367,0.960577,0.025817,0.000000},
{0.000000,0.000000,0.000000,0.000000,0.000000,0.000000,0.000000,0.000000,0.000000,0.013801,0.965807,0.024472},
{0.000000,0.000000,0.000000,0.000000,0.000000,0.000000,0.000000,0.000000,0.000000,0.000000,0.008376,0.975528},
};

// m = 2.5, fdts = 0.050 for _05, 0.005 for _005, etc.
long double p_matrix_m25_05[12][12] = {
{0.557643,0.236259,0.096737,0.024384,0.003087,0.000150,0.000002,0.000000,0.000000,0.000000,0.000000,0.000000},
{0.209737,0.227771,0.152033,0.063309,0.013525,0.001150,0.000028,0.000000,0.000000,0.000000,0.000000,0.000000},
{0.152945,0.270767,0.264389,0.169909,0.059397,0.008836,0.000404,0.000004,0.000000,0.000000,0.000000,0.000000},
{0.065489,0.191534,0.288628,0.304636,0.187142,0.052749,0.005013,0.000104,0.000000,0.000000,0.000000,0.000000},
{0.013226,0.065272,0.160952,0.298525,0.348438,0.203133,0.044137,0.002414,0.000018,0.000000,0.000000,0.000000},
{0.000944,0.008140,0.035133,0.123462,0.298054,0.395380,0.217476,0.034708,0.000956,0.000002,0.000000,0.000000},
{0.000016,0.000256,0.002107,0.015410,0.085048,0.285596,0.444565,0.230241,0.025629,0.000298,0.000000,0.000000},
{0.000000,0.000001,0.000021,0.000364,0.005272,0.051675,0.261026,0.494417,0.242254,0.017745,0.000069,0.000000},
{0.000000,0.000000,0.000000,0.000001,0.000037,0.001329,0.027121,0.226124,0.542499,0.255255,0.011455,0.000009},
{0.000000,0.000000,0.000000,0.000000,0.000000,0.000002,0.000228,0.011964,0.184376,0.585370,0.271816,0.005643},
{0.000000,0.000000,0.000000,0.000000,0.000000,0.000000,0.000000,0.000024,0.004267,0.140168,0.618590,0.245690},
{0.000000,0.000000,0.000000,0.000000,0.000000,0.000000,0.000000,0.000000,0.000001,0.001162,0.098070,0.748658},
};

long double p_matrix_m25_02[12][12] = {
{0.814791,0.188849,0.011022,0.000049,0.000000,0.000000,0.000000,0.000000,0.000000,0.000000,0.000000,0.000000},
{0.167650,0.501415,0.163979,0.005838,0.000007,0.000000,0.000000,0.000000,0.000000,0.000000,0.000000,0.000000},
{0.017427,0.292042,0.554566,0.154784,0.002766,0.000001,0.000000,0.000000,0.000000,0.000000,0.000000,0.000000},
{0.000132,0.017662,0.262935,0.606767,0.144155,0.001114,0.000000,0.000000,0.000000,0.000000,0.000000,0.000000},
{0.000000,0.000032,0.007496,0.229954,0.656331,0.133605,0.000365,0.000000,0.000000,0.000000,0.000000,0.000000},
{0.000000,0.000000,0.000002,0.002608,0.196037,0.701789,0.124392,0.000092,0.000000,0.000000,0.000000,0.000000},
{0.000000,0.000000,0.000000,0.000000,0.000704,0.163355,0.742129,0.117400,0.000016,0.000000,0.000000,0.000000},
{0.000000,0.000000,0.000000,0.000000,0.000000,0.000136,0.133097,0.776832,0.113213,0.000002,0.000000,0.000000},
{0.000000,0.000000,0.000000,0.000000,0.000000,0.000000,0.000017,0.105675,0.805660,0.112292,0.000000,0.000000},
{0.000000,0.000000,0.000000,0.000000,0.000000,0.000000,0.000000,0.000001,0.081111,0.828319,0.115164,0.000000},
{0.000000,0.000000,0.000000,0.000000,0.000000,0.000000,0.000000,0.000000,0.000000,0.059387,0.844199,0.101806},
{0.000000,0.000000,0.000000,0.000000,0.000000,0.000000,0.000000,0.000000,0.000000,0.000000,0.040637,0.898194},
};

long double p_matrix_m25_01[12][12] = {
{0.906793,0.104853,0.000079,0.000000,0.000000,0.000000,0.000000,0.000000,0.000000,0.000000,0.000000,0.000000},
{0.093083,0.729785,0.092828,0.000013,0.000000,0.000000,0.000000,0.000000,0.000000,0.000000,0.000000,0.000000},
{0.000124,0.165323,0.766460,0.082786,0.000001,0.000000,0.000000,0.000000,0.000000,0.000000,0.000000,0.000000},
{0.000000,0.000039,0.140629,0.798471,0.074431,0.000000,0.000000,0.000000,0.000000,0.000000,0.000000,0.000000},
{0.000000,0.000000,0.000004,0.118730,0.826251,0.067688,0.000000,0.000000,0.000000,0.000000,0.000000,0.000000},
{0.000000,0.000000,0.000000,0.000000,0.099317,0.850258,0.062483,0.000000,0.000000,0.000000,0.000000,0.000000},
{0.000000,0.000000,0.000000,0.000000,0.000000,0.082054,0.870868,0.058789,0.000000,0.000000,0.000000,0.000000},
{0.000000,0.000000,0.000000,0.000000,0.000000,0.000000,0.066649,0.888335,0.056648,0.000000,0.000000,0.000000},
{0.000000,0.000000,0.000000,0.000000,0.000000,0.000000,0.000000,0.052876,0.902765,0.056190,0.000000,0.000000},
{0.000000,0.000000,0.000000,0.000000,0.000000,0.000000,0.000000,0.000000,0.040587,0.914082,0.057648,0.000000},
{0.000000,0.000000,0.000000,0.000000,0.000000,0.000000,0.000000,0.000000,0.000000,0.029728,0.921997,0.050995},
{0.000000,0.000000,0.000000,0.000000,0.000000,0.000000,0.000000,0.000000,0.000000,0.000000,0.020355,0.949005},
};

long double p_matrix_m25_005[12][12] = {
{0.953321,0.052582,0.000000,0.000000,0.000000,0.000000,0.000000,0.000000,0.000000,0.000000,0.000000,0.000000},
{0.046679,0.864573,0.046516,0.000000,0.000000,0.000000,0.000000,0.000000,0.000000,0.000000,0.000000,0.000000},
{0.000000,0.082845,0.883103,0.041432,0.000000,0.000000,0.000000,0.000000,0.000000,0.000000,0.000000,0.000000},
{0.000000,0.000000,0.070381,0.899172,0.037235,0.000000,0.000000,0.000000,0.000000,0.000000,0.000000,0.000000},
{0.000000,0.000000,0.000000,0.059396,0.913090,0.033855,0.000000,0.000000,0.000000,0.000000,0.000000,0.000000},
{0.000000,0.000000,0.000000,0.000000,0.049675,0.925109,0.031248,0.000000,0.000000,0.000000,0.000000,0.000000},
{0.000000,0.000000,0.000000,0.000000,0.000000,0.041036,0.935422,0.029399,0.000000,0.000000,0.000000,0.000000},
{0.000000,0.000000,0.000000,0.000000,0.000000,0.000000,0.033330,0.944158,0.028328,0.000000,0.000000,0.000000},
{0.000000,0.000000,0.000000,0.000000,0.000000,0.000000,0.000000,0.026443,0.951374,0.028100,0.000000,0.000000},
{0.000000,0.000000,0.000000,0.000000,0.000000,0.000000,0.000000,0.000000,0.020298,0.957032,0.028832,0.000000},
{0.000000,0.000000,0.000000,0.000000,0.000000,0.000000,0.000000,0.000000,0.000000,0.014868,0.960988,0.025502},
{0.000000,0.000000,0.000000,0.000000,0.000000,0.000000,0.000000,0.000000,0.000000,0.000000,0.010180,0.974498},
};

// m = 3.25
long double p_matrix_m325_05[12][12] = {
{0.616930,0.242100,0.088957,0.019249,0.002033,0.000083,0.000001,0.000000,0.000000,0.000000,0.000000,0.000000},
{0.203449,0.252456,0.163654,0.062434,0.011790,0.000887,0.000020,0.000000,0.000000,0.000000,0.000000,0.000000},
{0.127556,0.279243,0.284590,0.179387,0.059098,0.008261,0.000375,0.000004,0.000000,0.000000,0.000000,0.000000},
{0.044569,0.172026,0.289671,0.318906,0.194829,0.054038,0.005288,0.000130,0.000000,0.000000,0.000000,0.000000},
{0.007091,0.048947,0.143788,0.293558,0.355228,0.209765,0.047665,0.003059,0.000036,0.000000,0.000000,0.000000},
{0.000399,0.005085,0.027764,0.112469,0.289752,0.393194,0.224098,0.040539,0.001578,0.000007,0.000000,0.000000},
{0.000006,0.000142,0.001559,0.013634,0.081554,0.277583,0.432187,0.237953,0.033259,0.000712,0.000001,0.000000},
{0.000000,0.000001,0.000017,0.000362,0.005656,0.054259,0.257119,0.471248,0.251779,0.026336,0.000274,0.000000},
{0.000000,0.000000,0.000000,0.000001,0.000060,0.001923,0.032732,0.229318,0.508992,0.266429,0.020120,0.000066},
{0.000000,0.000000,0.000000,0.000000,0.000000,0.000007,0.000515,0.017646,0.195999,0.543538,0.283177,0.011248},
{0.000000,0.000000,0.000000,0.000000,0.000000,0.000000,0.000000,0.000103,0.008342,0.159606,0.572462,0.233048},
{0.000000,0.000000,0.000000,0.000000,0.000000,0.000000,0.000000,0.000000,0.000015,0.003372,0.123966,0.755638},
};

long double p_matrix_m325_02[12][12] = {
{0.841566,0.176590,0.006976,0.000014,0.000000,0.000000,0.000000,0.000000,0.000000,0.000000,0.000000,0.000000},
{0.148398,0.540671,0.159251,0.003991,0.000002,0.000000,0.000000,0.000000,0.000000,0.000000,0.000000,0.000000},
{0.010003,0.271732,0.583275,0.151960,0.002103,0.000000,0.000000,0.000000,0.000000,0.000000,0.000000,0.000000},
{0.000033,0.010997,0.245381,0.624598,0.144265,0.000993,0.000000,0.000000,0.000000,0.000000,0.000000,0.000000},
{0.000000,0.000010,0.005116,0.217370,0.663767,0.136942,0.000410,0.000000,0.000000,0.000000,0.000000,0.000000},
{0.000000,0.000000,0.000001,0.002067,0.189161,0.700035,0.130654,0.000144,0.000000,0.000000,0.000000,0.000000},
{0.000000,0.000000,0.000000,0.000000,0.000702,0.161837,0.732834,0.125921,0.000041,0.000000,0.000000,0.000000},
{0.000000,0.000000,0.000000,0.000000,0.000000,0.000193,0.136063,0.761771,0.123144,0.000009,0.000000,0.000000},
{0.000000,0.000000,0.000000,0.000000,0.000000,0.000000,0.000040,0.112158,0.786576,0.122663,0.000001,0.000000},
{0.000000,0.000000,0.000000,0.000000,0.000000,0.000000,0.000000,0.000006,0.090238,0.806971,0.124830,0.000000},
{0.000000,0.000000,0.000000,0.000000,0.000000,0.000000,0.000000,0.000000,0.000001,0.070357,0.822555,0.098912},
{0.000000,0.000000,0.000000,0.000000,0.000000,0.000000,0.000000,0.000000,0.000000,0.000000,0.052614,0.901088},
};

long double p_matrix_m325_005[12][12] = {
{0.960156,0.047414,0.000000,0.000000,0.000000,0.000000,0.000000,0.000000,0.000000,0.000000,0.000000,0.000000},
{0.039844,0.878600,0.043360,0.000000,0.000000,0.000000,0.000000,0.000000,0.000000,0.000000,0.000000,0.000000},
{0.000000,0.073986,0.892204,0.039904,0.000000,0.000000,0.000000,0.000000,0.000000,0.000000,0.000000,0.000000},
{0.000000,0.000000,0.064436,0.904330,0.037011,0.000000,0.000000,0.000000,0.000000,0.000000,0.000000,0.000000},
{0.000000,0.000000,0.000000,0.055766,0.915114,0.034658,0.000000,0.000000,0.000000,0.000000,0.000000,0.000000},
{0.000000,0.000000,0.000000,0.000000,0.047875,0.924669,0.032836,0.000000,0.000000,0.000000,0.000000,0.000000},
{0.000000,0.000000,0.000000,0.000000,0.000000,0.040673,0.933074,0.031549,0.000000,0.000000,0.000000,0.000000},
{0.000000,0.000000,0.000000,0.000000,0.000000,0.000000,0.034090,0.940379,0.030821,0.000000,0.000000,0.000000},
{0.000000,0.000000,0.000000,0.000000,0.000000,0.000000,0.000000,0.028072,0.946596,0.030698,0.000000,0.000000},
{0.000000,0.000000,0.000000,0.000000,0.000000,0.000000,0.000000,0.000000,0.022583,0.951687,0.031252,0.000000},
{0.000000,0.000000,0.000000,0.000000,0.000000,0.000000,0.000000,0.000000,0.000000,0.017615,0.955566,0.024780},
{0.000000,0.000000,0.000000,0.000000,0.000000,0.000000,0.000000,0.000000,0.000000,0.000000,0.013182,0.975220},
};

// m = 5.76
long double p_matrix_m576_05[12][12] = {
{0.643819,0.221167,0.060845,0.008412,0.000479,0.000009,0.000000,0.000000,0.000000,0.000000,0.000000,0.000000},
{0.220463,0.299850,0.171258,0.048705,0.005829,0.000238,0.000003,0.000000,0.000000,0.000000,0.000000,0.000000},
{0.108620,0.306706,0.329317,0.185181,0.046456,0.004275,0.000112,0.000001,0.000000,0.000000,0.000000,0.000000},
{0.024897,0.144618,0.307023,0.359579,0.199186,0.043488,0.002971,0.000047,0.000000,0.000000,0.000000,0.000000},
{0.002147,0.026190,0.116541,0.301383,0.390344,0.213325,0.039978,0.001949,0.000017,0.000000,0.000000,0.000000},
{0.000054,0.001451,0.014559,0.089335,0.289627,0.421201,0.227738,0.036126,0.001199,0.000005,0.000000,0.000000},
{0.000000,0.000018,0.000455,0.007288,0.064814,0.271948,0.451592,0.242677,0.032124,0.000687,0.000001,0.000000},
{0.000000,0.000000,0.000002,0.000117,0.003241,0.044253,0.248943,0.480775,0.258539,0.028136,0.000362,0.000000},
{0.000000,0.000000,0.000000,0.000000,0.000024,0.001259,0.028245,0.221594,0.507800,0.275876,0.024280,0.000129},
{0.000000,0.000000,0.000000,0.000000,0.000000,0.000004,0.000418,0.016715,0.191216,0.531485,0.295394,0.015378},
{0.000000,0.000000,0.000000,0.000000,0.000000,0.000000,0.000000,0.000116,0.009078,0.159341,0.550418,0.240355},
{0.000000,0.000000,0.000000,0.000000,0.000000,0.000000,0.000000,0.000000,0.000027,0.004470,0.129545,0.744138},
};

long double p_matrix_m576_02[12][12] = {
{0.853401,0.143232,0.002141,0.000001,0.000000,0.000000,0.000000,0.000000,0.000000,0.000000,0.000000,0.000000},
{0.142776,0.609354,0.136019,0.001285,0.000000,0.000000,0.000000,0.000000,0.000000,0.000000,0.000000,0.000000},
{0.003821,0.243597,0.640703,0.132281,0.000725,0.000000,0.000000,0.000000,0.000000,0.000000,0.000000,0.000000},
{0.000002,0.003817,0.219318,0.670512,0.128970,0.000379,0.000000,0.000000,0.000000,0.000000,0.000000,0.000000},
{0.000000,0.000000,0.001819,0.195142,0.698434,0.126375,0.000182,0.000000,0.000000,0.000000,0.000000,0.000000},
{0.000000,0.000000,0.000000,0.000779,0.171576,0.724179,0.124752,0.000078,0.000000,0.000000,0.000000,0.000000},
{0.000000,0.000000,0.000000,0.000000,0.000295,0.148971,0.747495,0.124334,0.000030,0.000000,0.000000,0.000000},
{0.000000,0.000000,0.000000,0.000000,0.000000,0.000096,0.127545,0.768152,0.125341,0.000010,0.000000,0.000000},
{0.000000,0.000000,0.000000,0.000000,0.000000,0.000000,0.000026,0.107430,0.785909,0.127999,0.000003,0.000000},
{0.000000,0.000000,0.000000,0.000000,0.000000,0.000000,0.000000,0.000006,0.088719,0.800489,0.132555,0.000000},
{0.000000,0.000000,0.000000,0.000000,0.000000,0.000000,0.000000,0.000000,0.000001,0.071502,0.811547,0.103707},
{0.000000,0.000000,0.000000,0.000000,0.000000,0.000000,0.000000,0.000000,0.000000,0.000000,0.055895,0.896293},
};

long double p_matrix_m576_005[12][12] = {
{0.963189,0.036945,0.000000,0.000000,0.000000,0.000000,0.000000,0.000000,0.000000,0.000000,0.000000,0.000000},
{0.036811,0.900008,0.035204,0.000000,0.000000,0.000000,0.000000,0.000000,0.000000,0.000000,0.000000,0.000000},
{0.000000,0.063047,0.908831,0.033755,0.000000,0.000000,0.000000,0.000000,0.000000,0.000000,0.000000,0.000000},
{0.000000,0.000000,0.055965,0.916901,0.032612,0.000000,0.000000,0.000000,0.000000,0.000000,0.000000,0.000000},
{0.000000,0.000000,0.000000,0.049344,0.924238,0.031782,0.000000,0.000000,0.000000,0.000000,0.000000,0.000000},
{0.000000,0.000000,0.000000,0.000000,0.043150,0.930864,0.031282,0.000000,0.000000,0.000000,0.000000,0.000000},
{0.000000,0.000000,0.000000,0.000000,0.000000,0.037354,0.936781,0.031133,0.000000,0.000000,0.000000,0.000000},
{0.000000,0.000000,0.000000,0.000000,0.000000,0.000000,0.031937,0.941979,0.031370,0.000000,0.000000,0.000000},
{0.000000,0.000000,0.000000,0.000000,0.000000,0.000000,0.000000,0.026888,0.946423,0.032038,0.000000,0.000000},
{0.000000,0.000000,0.000000,0.000000,0.000000,0.000000,0.000000,0.000000,0.022207,0.950057,0.033193,0.000000},
{0.000000,0.000000,0.000000,0.000000,0.000000,0.000000,0.000000,0.000000,0.000000,0.017905,0.952800,0.025990},
{0.000000,0.000000,0.000000,0.000000,0.000000,0.000000,0.000000,0.000000,0.000000,0.000000,0.014007,0.974010},
};


/*  Nakagami-m fading Markov Chain     */
int Nakagami_Markov_chain(int input_state, int m, int fdTs);



#endif // __NAKAGAMI_H_